[-0.5815004399985017, -0.018212511278674515, -0.008742713552675085]
[-0.47016821005242027, -0.11009823674963803, -0.0073355396481689095]
[0.9568080709286237, 0.0, 0.043191929071376256]
[0.5564555456586322, -0.19286242855106395, 0.0034147403556101796]
[0.5048019356225666, 0.4826097360606234, 0.012588328316810005]
[0.5644655673702275, -0.17723801921876425, 0.0]
[0.5758034138246149, -0.19235221350402365, 0.008089822104724087]
[-0.6369302696013881, -0.09107534729885647, -8.118898185660584e-5]
[-0.452939509504227, -0.1114927266289858, -0.007161286109608644]
[-0.44760151174495033, -0.10803713117589864, 0.0]
[0.34647503230382126, 0.35887888336298257, -0.012224832356274917]
[0.12279597473652992, 0.23037598088611722, -0.028453401835023318]
[-0.06061030142265955, 0.05878259845157374, -0.04387907887980713]
[-0.3391378369790258, 0.02310519064243488, -0.04534368733991778]
[-0.27256029022225414, 0.0350729646512713, -0.045577347343753405]
[-0.09421822140581582, 0.03460415137070716, -0.04435474583047461]
[-0.3238846903171273, 0.02798379414892027, -0.045313789947205696]
[-0.18081415576907922, -0.015504436429041313, -0.042729122347621384]
[0.35524124700479254, -0.1325271536704058, -0.023019133373590406]
[-0.5912259477256784, -0.03297102782426309, -0.040092078520734487]
[-0.3428594644387267, -0.03688384144274781, -0.04058003757628503]
[-0.6685979977213258, -0.06389764256607167, -0.031489812967474995]
[0.5824176132534014, -0.191399204909668, 0.009410814156592506]
[-0.7061757791762279, -0.0900348082427217, -0.01382187282017966]
[0.5994543819813538, -0.1873287288129467, 0.013797831879891698]
[0.6270723971427832, -0.17798353224810903, 0.01912052539930964]
[0.9468675398258619, 0.031655097586076764, 0.021477362588061544]
[0.46529751271796593, 0.4857576731433193, 0.048944814138714765]
[0.19650585926291542, 0.38979672258994236, 0.030033947119507243]
[-0.6146561105822355, -0.09184895434139062, 0.000781888748434767]
[-0.7103615311049505, -0.0827777375400599, -0.02086382571307821]
[0.5265985833563287, -0.1871418628450493, -0.004513177187089101]
[0.5451379539050341, -0.19125092979351987, 0.0]
[-0.6987466194954576, -0.08243345838664895, -0.014537135787801247]
[-0.6545509326745039, -0.0918098330291699, -0.0025518905398648206]
[0.025898517645448038, 0.31189021152181917, 0.0]
[0.5228914506212456, 0.47153957233262145, 0.005568977046132906]
[-0.6349645779926135, -0.09083244483887076, 0.0]
[-0.6938530842377407, -0.09148953241889424, -0.011746415256487563]
[0.6270723971427836, -0.17798353224810892, 0.019120525399309862]
[0.9096275559577722, 0.08433957426846583, 0.006032869773762162]
[0.6603260694713271, -0.1625405138798789, 0.024382717759704464]
[0.5031410009726676, 0.48338402355075116, 0.013474975476581275]
[0.9568080709286237, 0.0, 0.043191929071376256]
[0.5564555456586318, -0.19286242855106384, 0.0034147403556101796]
[0.6603260694713264, -0.16254051387987922, 0.024382717759704242]
[0.020292142073195185, 0.3086273607205712, -0.0014513871472606743]
[-0.7103921896133616, -0.08881225508427226, -0.015112671389229226]
[-0.7103615311049503, -0.08277773754005979, -0.02086382571307832]
[0.46529751271796616, 0.4857576731433193, 0.048944814138714765]
[-0.637601677460346, -0.04246750181165293, -0.023304400981894235]
[0.6939922674573855, -0.1450327041967655, 0.028330427787041534]
[0.46180173023911397, -0.1816840880273245, 0.008421729175913883]
[0.8003348980435234, 0.19809756529667788, 0.0015675366597986962]
[0.9517533438126469, 0.022163292163566606, 0.026083364023786748]
[0.9517086866012665, 0.022250049135863925, 0.026041264262869568]
[0.9096275559577722, 0.08433957426846583, 0.006032869773762162]
[0.8029664420906941, 0.026498249880689606, 0.0]
[-0.06869530189088369, 0.010154745511974372, -0.043141299963305735]
[0.6985913679767259, -0.14263161815598657, 0.028849729188184625]
[0.9096275559577722, 0.08433957426846583, 0.006032869773762162]
[-0.49810220198791777, -0.10414857392397137, -0.015469332567635052]
[-0.6616232698210085, -0.061140626415862265, -0.032670933749791464]
[0.31216161782224683, -0.1277714623866818, -0.023896870899896117]
[-0.5582544214695665, 0.0, -0.012832150967271527]
[0.9301480415230152, 0.0569294326491534, 0.012922525827831155]
[0.9468675398258615, 0.03165509758607721, 0.02147736258806132]
[0.9568080709286237, 0.0, 0.043191929071376256]
[0.23825635865034278, -0.09015500695284362, -0.030059997988126863]
[0.9568080709286237, 0.0, 0.043191929071376256]
[0.9560958979136278, 0.013726875419316498, 0.03017722666705569]
[0.9588861138562335, 0.0024175421404484254, 0.038696344003317895]
[0.27607302523042687, -0.10898681851763259, -0.027290918345171056]
[-0.7085937687684307, -0.0817025649365507, -0.02176628848924078]
[-0.18081415576907878, -0.01550443642904109, -0.042729122347621384]
[-0.6802817699942725, -0.09309165914774342, -0.009460658209311301]
[0.46529751271796616, 0.4857576731433193, 0.048944814138714765]
[0.46529751271796616, 0.4857576731433193, 0.048944814138714765]
[-0.7107272729534674, -0.08391865901596995, -0.019982741532984516]
[0.42619924336903425, -0.1559880770695481, -0.017645631890741753]
[0.6052719694659485, -0.1855455073129667, 0.015039721431918673]
[-0.6983526081709618, -0.09022135541286591, -0.012064886637439876]
[0.9568080709286237, 0.0, 0.043191929071376256]
[0.4869335424290344, -0.16721353299786978, -0.014555630922652218]
[0.5160584789337825, 0.4459850428806862, 0.0]
[0.09128960480623594, 0.3501446508112689, 0.022003866561300267]
[-0.6926142436280689, -0.08844273943141467, -0.017480884945677677]
[0.5113815690927699, -0.18092080139972422, -0.008584702699078184]
[-0.5034486669743824, -0.012401661247090079, 0.006435605952402446]
[0.6214505131259411, -0.1800453873920287, 0.01814097595906916]
[-0.006602947173066309, 0.10392252068088781, -0.04066711322657768]
[-0.26922790908020244, -0.03531738362207648, -0.04082136536023173]
[0.10781336208849646, 0.3570345499594061, 0.026035066616472147]
[0.42496630998924667, -0.17868154963158545, -0.005923390605856893]
[-0.6802817699942711, -0.09309165914774353, -0.00946065820931108]
[-0.23735093268511387, -0.06710910070126974, -0.035093062601372904]
[-0.05491925336496484, 0.055622092879399565, -0.043619152774562964]
[-0.6450463782082018, -0.09485128948541144, -0.0049915521851287]
[0.04430111880706211, 0.32850239376845813, 0.013813596853055277]
[0.04403297895134828, 0.3283628414383417, 0.013743363814904042]
[0.5758034138246146, -0.19235221350402365, 0.008089822104724087]
[-0.6455006092566253, -0.054587880994119264, -0.03513818296809201]
[-0.2454384206768101, -0.09854669907404812, 0.013425382168225974]
[-0.7061757791762284, -0.0900348082427217, -0.01382187282017977]
[0.58816345286247, 0.3565364500261925, 0.055300097111337765]
[0.31919715657383385, 0.40637045654995263, -2.8550893050205417e-5]
[0.15179833191485703, 0.3527525525389219, -0.00101585284457828]
[0.30287967355991174, 0.4003686237172457, -0.000656867767724223]
[0.3058520751070193, 0.4014619208380208, -0.0005424132253930569]
[0.19053043459728136, -0.13857031999118097, 0.01677820359587545]
[0.603057598083717, -0.18629831352394155, 0.01461525001976538]
[0.4933893761931558, -0.17158707223388592, -0.013019881520613619]
[-0.6802817699942707, -0.09309165914774353, -0.009460658209310968]
[0.39461188359606436, -0.1715630193309119, -0.00976599903486497]
[-0.671838753068296, -0.0715833153514942, -0.028509717259942446]
[0.5116795325234873, -0.18109864136561682, -0.008492577647056243]
[-0.5451764527354417, -0.05600337907814401, -0.03577478186921357]
[-0.14503643210029293, -0.13511238763239541, 0.0]
[-0.47675800293732684, -0.0966383134877673, 0.0061251560590120935]
[0.6720799208118291, -0.1566016024962089, 0.026131522575428834]
[-0.13165349083851974, 0.0031705682487883635, -0.043751263777660476]
[0.2557627128376847, -0.09887276007749646, -0.028778116389708175]
[0.2518638523823191, 0.34137284991153005, -0.011885617205456223]
[0.49567320441037266, 0.48584201011102346, 0.018484785478603882]
[-0.383449211928256, -0.09693869904927233, 0.009788137734796143]
[0.5116795325234875, -0.18109864136561682, -0.008492577647056243]
[0.5559847489581125, -0.19281175516820692, 0.0032975966101809195]
[0.5564555456586318, -0.19286242855106384, 0.0034147403556101796]
[0.30287967355991174, 0.4003686237172457, -0.000656867767724223]
[0.30287967355991263, 0.40036862371724613, -0.000656867767724223]
[0.3108682227886834, 0.4028863623376928, -0.0006378861388373069]
[0.5265985833563289, -0.1871418628450494, -0.004513177187089101]
[-0.6609975121880018, -0.0935437807970455, -0.0051250529373614295]
[-0.08083204619773587, 0.24849604648127666, -0.009803644461465089]
[-0.46188914273686255, -0.07475970309717617, -0.03135308458334951]
[0.0899449557067451, -0.10916043095342243, -0.027361009829301453]
[-0.21510658544636607, 0.06528511300021878, -0.04451331074283238]
[-0.6455006092566252, -0.054587880994119264, -0.0351381829680919]
[0.24164195742927008, -0.12839195091831146, 0.020842222064330285]
[0.027653341832414302, 0.316270080944812, 0.004230162359681655]
[0.0, -0.11700606574193795, -0.02422392528754702]
[-0.16149564935045535, 0.08895699554234149, -0.04283623804286163]
[0.5084836774827548, -0.18866533424154353, -0.00018836734778537867]
[-0.20617777415302108, 0.0, -0.04390434357945605]
