[1.0, 0.9951166231004478, 0.08553603712924929]
[-1.0, 0.8508791306542358, 0.39701481577938713]
[1.0, 1.0, 0.08823905223473116]
[-0.03264296643932485, -0.2656639459700414, -0.10953689531568611]
[-0.4646339913201498, 1.0000000000000178, 0.45888354221445415]
[-0.08027945911815149, -0.23226285775561417, -0.1096829965221594]
[0.1749097993094615, -0.06594972001007127, -0.1067254771357542]
[0.15428496420097315, -0.25155308968360557, -0.1014721628944566]
[0.17490979930946082, -0.06594972001007204, -0.1067254771357542]
[-1.0, 0.23451735407210283, 0.025185433073098284]
[-1.0, 0.23451735407210283, 0.025185433073098284]
[1.0, 0.995116623100448, 0.08553603712924929]
[1.0, 0.7463757572063356, 0.08553603712924929]
[-0.033748661783685185, -0.2656639459700414, -0.109139954221122]
[-0.03374866178368274, -0.2656639459700414, -0.109139954221122]
[0.18245894050447076, -0.1683204807957328, -0.0014934425775222637]
[0.988973997585652, 0.9757048923351923, 0.07801766415280276]
[-0.8747713852994917, 0.0675365223580382, -0.04345688654276858]
[0.15428496420097315, -0.25155308968360557, -0.1014721628944566]
[-1.0, 0.23451735407210283, 0.025185433073098284]
[-0.2729063597958671, -0.20699522317861674, -0.09235646402299447]
[0.2110716600502649, -0.19449325337833256, -0.04150559478773741]
[0.9867973164347243, 0.7273664438614207, 0.07707421843148676]
[0.9278642005988811, 0.8313608069850953, 0.05338338953535682]
[0.17490979930946104, -0.0659497200100716, -0.1067254771357542]
[-1.0, 0.23451735407210283, 0.025185433073098284]
[-0.9219206330300572, 0.12441470066881077, -0.02605844876298269]
[-1.0, 0.850879130654234, 0.3970148157793869]
[-0.03374866178368263, -0.2656639459700415, -0.1091399542211221]
[-0.03374866178368252, -0.2656639459700416, -0.10913995422112222]
[-0.013371798574226101, -0.24611995957599853, -0.07112720697120745]
[-0.013371798574226879, -0.24611995957599841, -0.07112720697120734]
[-0.023829785483651555, -0.24275018396671988, -0.06719697389554169]
[-0.026626986244687734, -0.24194746917103727, -0.06631822190897818]
[-0.12186439084041256, -0.20013547625032468, -0.023244459814627527]
[0.06384087256831172, -0.20039512415450256, -0.02281019942531637]
[0.16769634808215916, -0.17327959763602452, -0.004456748662475363]
[0.16769634808215894, -0.17327959763602452, -0.004456748662475363]
[0.16769634808215805, -0.17327959763602496, -0.004456748662475696]
[1.0, 1.0, 0.08823905223473116]
[-1.0, 0.9857883900508457, 0.0749673286736885]
[-0.12714798662074467, -0.16368695854157622, 0.0007736640117013138]
[0.1848440589561895, -0.1329114636450207, 0.01950531124258026]
[0.1848440589561895, -0.1329114636450207, 0.01950531124258026]
[0.12760142136426822, -0.12962841843256045, 0.021363134156706876]
[-0.4646339913201374, 1.0, 0.45888354221445415]
[-1.0, 0.9521748237345968, 0.06418910591578197]
[0.9254340402903574, 0.8799457230482901, 0.05356898083457917]
[0.9189469321477965, 0.8678599842773393, 0.05102336338313096]
[-0.9147444382271965, 0.3680837478756427, -0.03721723113869713]
[0.1891261277667846, -0.08667731476580764, 0.043992178195009]
[-0.8747713852994917, 0.0675365223580382, -0.04345688654276858]
[0.9140478051156204, 0.8576807372955138, 0.04907832432642145]
[0.8515683203840845, 0.7771021336141168, 0.03355717613106335]
[0.731475671906662, 0.6253319845232572, 0.006315454806818943]
[0.33118853995867936, 1.0, 0.45888354221445415]
[-0.46372896738690805, 0.9287042278280848, 0.44759424067500997]
[0.7737523438678151, 0.4795611245235727, 0.01972633702868043]
[-1.0, 0.717052150135677, 0.012923758900303284]
[-0.6553029132629066, 0.5336542579372938, -0.017854623598242525]
[0.7314756719065589, 0.6253319845231204, 0.006315454806795628]
[0.7163678857133924, 0.6054166792625795, 0.0029449412637592154]
[0.1734604820373975, -0.20169228267293549, -0.10226081238705209]
[0.1712744028440789, -0.21119053757466932, -0.10204360091261122]
[-0.08027945911815138, -0.2322628577556145, -0.1096829965221594]
[0.17127440284407935, -0.21119053757466832, -0.10204360091261122]
[0.33118853995867936, 1.0, 0.45888354221445415]
[0.17127440284407802, -0.2111905375746701, -0.10204360091261144]
[0.16102906897251623, -0.23738088028489224, -0.10163724861482859]
[-1.0, 0.6560640907934017, 0.33014974750357684]
[-0.2712839175784114, 0.023395172398572583, 0.09452521156859617]
[-0.20376198084068542, -0.045501726849245694, 0.06364328390571972]
[-0.271283917578347, 0.023395172398517516, 0.09452521156857396]
[-0.14628300340555622, -0.12162609128417368, 0.02520010730609168]
[-0.20376198084068575, -0.04550172684924536, 0.06364328390571994]
[-0.16295433890377742, -0.09708190714235188, 0.038064689529704765]
[-0.14628300340555622, -0.12162609128417357, 0.02520010730609168]
[0.15753589252249145, -0.2453346083979363, -0.10153127694136643]
[-0.14628300340555578, -0.12162609128417368, 0.02520010730609168]
[0.1233123666677498, -0.1168275319150337, 0.028232899529102795]
[-0.16029750999561632, -0.0941040218811744, 0.03962228735523965]
[-0.26216931853693426, 0.015107921810466607, 0.09106109342951552]
[-0.19184668356333767, -0.049092071634812995, 0.06200922649481844]
[-0.2712839175783901, 0.02339517239855482, 0.09452521156858906]
[-0.16029750999561587, -0.09410402188117384, 0.03962228735523987]
[0.12975699271631047, -0.10176310612049, 0.03619467706313295]
[0.1575358925224919, -0.2453346083979353, -0.10153127694136643]
[0.12975699271631558, -0.10176310612048922, 0.036194677063133174]
[0.15753589252249234, -0.24533460839793442, -0.10153127694136643]
[-0.9220676855635624, 0.5538556375842723, 0.2992616169121809]
[-0.15867305664281073, -0.0879055591309934, 0.04280141767453882]
[0.0301612994261633, -0.08917968405432752, 0.04250063951634164]
[-0.16681935074739307, -0.0734995855188284, 0.049997779707515955]
[-0.19184668356333445, -0.04909207163481388, 0.062009226494818215]
[-0.22845663739474853, -0.0192030232406456, 0.07570358461839444]
[-0.2621693185369349, 0.015107921810466385, 0.0910610934295153]
[0.19959129247913232, 0.0007482466116297548, 0.08550331923383703]
[0.15922829438120223, -0.24927457562722855, -0.09968977462423179]
[0.159228294381202, -0.24927457562722877, -0.09968977462423179]
[0.1674944275965986, -0.24517730544545058, -0.09634209286441886]
[0.20197392671974734, 0.01690006737316141, 0.09252890575741168]
[0.17064183246492348, -0.24354283239576846, -0.09497230117338062]
[0.1736686772110314, -0.24189540598994197, -0.09355836296228726]
[0.1765833809346513, -0.2402280589175001, -0.09209329578904868]
[-0.27128391757825177, 0.023395172398421593, 0.0945252115685351]
[0.17945193777532342, -0.23849760521925734, -0.09053697946505734]
[0.1822147748618561, -0.23673086325242298, -0.08891007501655623]
[0.18486559134071023, -0.2349250491037329, -0.08720758119431549]
[0.18737602591624425, -0.23309260875051296, -0.08543892298806477]
[-0.5722802248802348, 0.9153459605957601, 0.44214957236349095]
[0.18977479821556376, -0.23120487728401284, -0.08357401916058582]
[0.1920081294306626, -0.22929382818537059, -0.08164144796854778]
[0.1941077576648409, -0.22732336320631896, -0.07960231420112851]
[0.19603751488866772, -0.22531237489935907, -0.07747249956279112]
[0.19959129247913232, 0.0007482466116290887, 0.08550331923383658]
[0.19776468199107322, -0.22328496090065397, -0.07527533030701716]
[0.19930702271928213, -0.22121138409702268, -0.07297684755681988]
[0.20065573424160532, -0.2190835229283803, -0.07056465266999856]
[-0.4833613064543838, 1.0, 0.45715806132609127]
[0.26258345515598425, 0.8858936906026065, 0.4336503884530283]
[-0.5556584226715738, 0.9309775309199309, 0.4459856212381945]
[0.21107166005026512, -0.19449325337833268, -0.04150559478773774]
[0.20197392671974734, 0.016900067373161853, 0.0925289057574119]
[-0.9147444382271971, 0.36808374787564335, -0.03721723113869713]
[-0.271283917578383, 0.023395172398554598, 0.09452521156858906]
[-0.1860038115912639, -0.061421931333145996, -0.10437669679714678]
[0.20928801367466598, -0.19148428854093313, -0.0372501082552571]
[0.20504497809213174, -0.1857021879550459, -0.028886068609804805]
[0.20147669782922573, -0.18211734573909222, -0.02348592128074556]
[0.1975462860612509, -0.17871507442644752, -0.01823636246436411]
[0.19295056970289481, -0.17519144289349753, -0.012679407486168248]
[0.1873545919289512, -0.1713472098214548, -0.006483660594883478]
[-0.2712839175783899, 0.02339517239855482, 0.09452521156858906]
[-0.8721821119893584, 1.0, 0.4183177971144947]
[0.18268529863285, -0.16630177648475253, -0.0002961419359719386]
[0.18353310938964196, -0.15615823127421224, 0.0057195812830230786]
[-0.6832528298729897, 0.3559211648099696, -0.047232392075955865]
[0.8384045404237412, 0.5481371363262311, 0.03447887692322871]
[0.3057041109558112, 0.011062687989371156, 0.040929273528889754]
[-0.8721821119893637, 1.0, 0.41831779711449424]
[0.7374377454230374, 0.43141268952916434, 0.01214388839914049]
[0.1851731145300548, -0.13095955391181868, 0.020538603939067812]
[-0.8721821119893637, 1.0, 0.41831779711449424]
[-0.8721821119893133, 1.0, 0.4183177971145]
[0.18678140650243535, -0.11715356941861632, 0.027849536425715637]
[-0.872182111989344, 1.0, 0.41831779711449646]
[-0.8721821119893336, 1.0, 0.41831779711449757]
[0.5671616554333112, 0.4199332051017901, -0.028502555714816302]
[0.6380746988144668, 0.3089791397393262, -0.008824256485048587]
[-0.8721821119893406, 1.0, 0.4183177971144969]
[-1.0, 0.717052150135677, 0.012923758900303284]
[-0.8721821119893541, 1.0, 0.4183177971144949]
[-0.8721821119893545, 1.0, 0.4183177971144949]
[-1.0, 0.8508791306542358, 0.39701481577938713]
[-1.0, 0.8508791306542358, 0.39701481577938713]
[0.18792808330700916, -0.1047792873952409, 0.03440329185657509]
[0.5448474176584048, 0.39146312855623133, -0.03318826156944432]
[0.18882998546993068, -0.09230777266633838, 0.041009386401029024]
[0.19114938971810447, -0.0713857485736058, 0.05150170079698113]
[-1.0, 0.8508791306542358, 0.39701481577938713]
[0.6380746988144737, 0.308979139739334, -0.008824256485047144]
[-1.0, 0.8508791306542347, 0.39701481577938713]
[-1.0, 1.0, 0.39453478274774856]
[0.1924794661483249, -0.058655057471673655, 0.057757181297202864]
[-1.0, 0.717052150135677, 0.012923758900303284]
[0.20382253570067488, 0.02695074866063707, 0.09662647668207791]
[0.5740508427180298, 0.22365376924640135, -0.021367688507825222]
[0.19631135157917878, -0.02844654028190363, 0.0720702304551486]
[0.19779381653945927, -0.016396754471279862, 0.07761475840403964]
[0.1990274544310393, -0.005117273170900716, 0.08280461806936246]
[0.20032645742607413, 0.0054655597240682585, 0.08755525185924196]
[0.21304058169693763, 0.03360854985915518, 0.09621540944596285]
[0.202924995220229, 0.021807032303015284, 0.09452947836652115]
[0.22403130337542887, 0.05257100825855909, 0.10096596566721305]
[0.20932457827779238, 0.05419696173418487, 0.10736024885654771]
[-0.5722802248802358, 0.9153459605957595, 0.44214957236349073]
[0.22401721955933063, 0.07692909411081761, 0.1123787702924266]
[0.2166561003598222, 0.08107700159299225, 0.11696199454150813]
[0.2175698598212692, 0.08756169816349191, 0.11956777826492848]
[0.21437506805926487, 0.08383444110782179, 0.1190353129712618]
[0.21437506805926465, 0.08383444110782001, 0.11903531297126113]
[0.26258345515598136, 0.8858936906025705, 0.4336503884530145]
[0.203822535700674, 0.026950748660631962, 0.09662647668207569]
[-0.2712839175794348, 0.023395172399421016, 0.0945252115689279]
[0.2625439886110972, 0.14534452111699725, 0.12933143177529272]
[0.2038225357006751, 0.02695074866063729, 0.09662647668207791]
[-0.3607785477079646, 0.9245085224616612, 0.4474869216350159]
[0.22162996797786927, 0.15891655834855434, 0.14855270895754846]
[0.2216299679778686, 0.15891655834854723, 0.14855270895754558]
[0.20336313943904982, -0.21389366813362032, -0.06454812430690504]
[-0.6832528298729885, 0.35592116480996894, -0.04723239207595609]
[0.2278844979833814, 0.17326063798996105, 0.15256088940908263]
[0.441089750599291, 0.26440901247522786, -0.05413281009570403]
[0.22229924731228357, 0.16674451220696773, 0.1516300142972138]
[0.21437506805926132, 0.08383444110779936, 0.11903531297125314]
[-0.40328664912566203, 0.701673209901251, 0.36087144201532073]
[0.4646430612228081, 0.10323004584643103, -0.04402052191700889]
[0.44108975059929034, 0.2644090124752272, -0.05413281009570414]
[0.20623461369506968, -0.20749806467701637, -0.057027411658339466]
[0.2222992473122838, 0.1667445122069764, 0.15163001429721734]
[0.2625834551559829, 0.88589369060259, 0.43365038845302206]
[0.20925963662694946, -0.19975872894334945, -0.04782367582759994]
[0.22570518573293818, 0.22641450311546296, 0.17508468135013122]
[0.01, 0.0, 0.0]
[-0.01, 0.0, 0.0]
[0.0, 0.01, 0.0]
[0.0, -0.01, 0.0]
[0.0, 0.0, 0.01]
[0.0, 0.0, -0.01]
