[1.0, 0.17273503336030238, 0.015164382966302847]
[-1.0, -0.08717126677007359, -0.03707665406656935]
[0.43924150706501797, 0.44080378885008464, 0.04052590059944605]
[-0.36414551706495346, -0.12310071114691268, -0.028592230311037192]
[0.06480765221923113, 0.29794375077850943, 0.04052590059944605]
[-1.0, -0.08717126677007359, -0.03707665406656935]
[-0.7347875373438434, -0.10840868917780899, -0.036112636310256074]
[-0.12318215757774098, -0.01902284399126819, 0.01976187282680697]
[-0.07472523321538072, -0.04292507470031859, 0.013341425271385043]
[0.4392415070650184, 0.44080378885008464, 0.04052590059944605]
[0.9731180960558095, 0.1564257848960906, 0.015889051457227188]
[-1.0, -0.08717126677007359, -0.03707665406656935]
[-0.4884767644442958, -0.12025721214619733, -0.03197827279285759]
[1.0, 0.2733269802247047, 0.04052590059944605]
[-0.8910263599688787, -0.09664305628218572, -0.03618807766456322]
[-0.8016163201502786, 0.047701129974864864, 0.01818827857908545]
[-0.3760108648946199, -0.10133041828259537, -0.01550504423391219]
[-1.0, -0.08717126677007359, -0.03707665406656935]
[-0.7347875373438473, -0.10840868917780877, -0.036112636310256074]
[-0.05439602182388559, -0.11775616087293073, -0.02015649937681241]
[-0.006626699304758565, -0.11026686267256358, -0.011625229733675524]
[-0.13109207004705092, 0.019343203617817606, -0.022245242817783728]
[-0.05439602182388359, -0.1177561608729304, -0.020156499376812298]
[1.0, 0.362941442742589, 0.025738031324293198]
[-1.0, 0.04903487433523046, -0.003230267957799682]
[-0.05439602182388381, -0.1177561608729305, -0.020156499376812298]
[-0.13522351924159648, 0.24885721848360198, -0.006688765290066678]
[-0.010234381531203929, -0.11389640141125623, -0.015593307089149855]
[0.5161437953573347, 0.05901089616110622, -0.0046183937174089085]
[-0.3612539974596559, -0.12168277235729286, -0.02702941369135914]
[-0.01725450271747342, -0.10823787285960229, -0.009514674565363146]
[-1.0, 0.04903487433523046, -0.003230267957799682]
[-0.15502744004724056, -0.11044420218122797, -0.01308143408645801]
[-0.13522351924159648, 0.24885721848360198, -0.006688765290066678]
[0.01, 0.0, 0.0]
[-0.01, 0.0, 0.0]
[0.0, 0.01, 0.0]
[0.0, -0.01, 0.0]
[0.0, 0.0, 0.01]
[0.0, 0.0, -0.01]
