[1.0, 0.09089939028906313, 0.006619221788413787]
[-1.0, 0.046814719505179125, -0.02061482076477772]
[-1.0, 1.0, 0.004356825232212591]
[-0.010178079155114372, -0.06572487388875403, -0.007136394608592056]
[-1.0, 0.7639200665675134, 0.20885889029516935]
[-1.0, 0.046814719505179125, -0.02061482076477772]
[1.0, 1.0, 0.018998745481767276]
[-1.0, 0.7639200665675134, 0.20885889029516935]
[0.1368441607169264, 0.44651626729851146, 0.14140389967816835]
[-1.0, 1.0, 0.14766249108690555]
[-1.0, 0.7639200665675134, 0.20885889029516935]
[-1.0, 0.046814719505179125, -0.02061482076477772]
[0.01, 0.0, 0.0]
[-0.01, 0.0, 0.0]
[0.0, 0.01, 0.0]
[0.0, -0.01, 0.0]
[0.0, 0.0, 0.01]
[0.0, 0.0, -0.01]
