sec: N
4
5
sec: γ
1.0
0.1
sec: M
1
2
sec: TIME
[[(0.2588575, 0.36197729509890536), (0.00675, 0.0025184315118740074)], [(0.52008425, 0.509068445639803), (1.25333455, 1.360306923355948)]]
[[(0.6276844500000001, 0.10892633481855979), (1.3033119499999999, 0.2540583046008238)], [(1.89864625, 0.26548486734208604), (3.2510384, 0.2067245059575183)]]
sec: NITER
[[(19.5, 16.263455967290593), (8.0, 0.0)], [(31.0, 12.727922061357855), (33.5, 17.67766952966369)]]
[[(34.5, 2.1213203435596424), (36.0, 2.8284271247461903)], [(51.5, 3.5355339059327378), (49.5, 0.7071067811865476)]]
