[-0.5501803645327039, 0.0, -0.4498196354672961]
[0.5330064971835458, 0.0, 0.46699350281645424]
[-0.11587890847858173, -0.7451135045421508, -0.13900758697926752]
[0.15557026261562545, 0.748590121878842, 0.09583961550553255]
[-0.6164960753287703, 0.0, -0.38350392467122973]
[0.5971754745609672, 0.0, 0.4028245254390328]
[0.3189969989317425, -0.563012473072734, -0.056582665912835006]
[-0.526800020383166, 0.4149712090067301, 0.0]
[0.008719130127653019, 0.6503450539022857, 0.24939183405238463]
[-0.7235291154483448, 0.0, 0.0]
[-0.054560446984385, 0.3361090287183708, 0.33583018172004175]
[0.5330064971835458, 0.0, 0.46699350281645424]
[0.23068646755750688, 0.7259599151316141, 0.043353617310878834]
[-0.07616635399745908, -0.684948026246072, -0.23888561975646894]
[-0.01312462846731588, -0.5474710415740056, -0.31118866398719414]
[-0.0009755503454014214, -0.2132039315747365, -0.3763538793121337]
[0.5330064971835458, 0.0, 0.46699350281645424]
[0.28946617888784476, 0.6920790367987637, 0.01845478431339176]
[0.0018170448415057994, 0.006913831860603903, 0.36988086830408684]
[-0.7231787494668989, -0.27682125053310114, 0.0]
[-0.05400853441948905, 0.23921566666520144, 0.3456806954876064]
[0.2632041427687086, 0.3146623650393239, 0.4221334921919677]
[0.02240252130076592, -0.11130218621519194, 0.35474277149502953]
[0.06159994835902416, -0.6334289830627461, -0.21544417424984053]
[0.07518865100810124, 0.6646794981808486, 0.26013185081105017]
[0.35407687498126417, -0.5575790574849314, -0.026320951234018897]
[-0.427847187342307, 0.16446809122422623, -0.4076847214334668]
[0.0011045089835450828, 0.20866110354173228, -0.3251442485149735]
[0.000776758064094274, 0.08913683237339765, -0.35734366213266633]
[0.08534856609758346, -0.36159646014941205, -0.31603041868920956]
[0.0010357105950231649, 0.07156341194497351, -0.3608371871827102]
[-0.35003174250676916, -0.6499682574932306, 0.0]
[-0.5501803645327039, 0.0, -0.4498196354672961]
[-0.35583438106269827, -0.6336814636358096, 0.010484155301492493]
[0.014598382563519197, 0.31225177537427706, -0.2807793510275124]
[-0.3500317425067693, -0.6499682574932306, 0.0]
[-0.15998202972684872, 0.3455219953244979, -0.29188674134350956]
[-0.34389927816838073, 0.519790844360509, 0.07204898048074315]
[-0.07433276860856841, 0.6667168849573215, 0.16814736978293254]
[0.5330064971835455, 0.0, 0.46699350281645446]
[-0.07667800172872585, -0.6585316731917441, -0.26479032507953004]
[0.03378180891854754, -0.1278598829131361, 0.3529459380273168]
[0.046576657862761106, -0.20566019586571405, 0.3320132173678554]
[0.024789492164300597, -0.715083863228199, -0.10016447317781052]
[-0.0011002635973331731, -0.1301402840941125, 0.34437472386184664]
[-0.001090977469241139, -0.24905053621961626, 0.30612334671256947]
[-0.35003174250676916, -0.6499682574932306, 0.0]
[0.49140868159373885, -0.06289606827357486, 0.4456952501326863]
[0.15638655046522576, -0.3130730169366278, 0.303464503868617]
[0.17309038728567705, -0.3348405991593453, 0.29288425717735556]
[-0.07667800172872574, -0.6585316731917448, -0.2647903250795294]
[-0.0007623816119524118, -0.4822050560883304, 0.18422988868265233]
[0.07391839162065983, 0.6735173362486231, 0.2525642721307171]
[0.0010074237692405674, 0.44557105439693334, -0.21256529681404013]
[0.0007451494837014128, 0.4286697329845097, -0.2224800109900148]
[-0.0826895870979305, -0.7185524577844346, -0.19875795511763494]
[0.056306598048835976, -0.5239085776789266, 0.16154450088395267]
[-0.4083449610558335, 0.4619081109347245, 0.06554049840749765]
[-0.07681410189787785, -0.6561885069449545, -0.2669973911571677]
[-0.19477707049929815, 0.49420511112921917, -0.1986321838887578]
[-0.24640206358426275, -0.7178752875028365, -0.03572264891290078]
[-0.1609331898105706, 0.5459899152223735, -0.15430674270440692]
[-0.3163033946550403, 0.572347732305321, -0.11134887303963859]
[0.0005690740438517583, 0.7186831326434626, 0.05960370367969814]
[0.37626675198345905, 0.623733248016541, 0.0]
[-0.1586546948651134, -0.4647912754800043, -0.37655402965488227]
[-0.18616467046951268, -0.684353961679114, 0.0]
[0.10550658565158999, -0.5779080596379763, -0.22715227161898677]
[-0.47160885599357893, 0.4686392644351052, 0.0]
[0.23068646755750666, 0.7259599151316145, 0.043353617310879056]
[-0.12066688731639597, -0.5327064511252353, -0.34662666155836874]
[-0.001028594756029233, -0.593751302698478, -0.28539665261434055]
[0.5865401959525494, -0.31789660392435515, -0.01476037883889647]
[0.1275008510005735, 0.522841595812642, 0.3496575531867847]
[0.0010281475642113236, 0.6085743875498539, 0.2767094279135316]
[-0.2467958544700194, -0.7176250584828595, -0.035579087047121094]
[0.31910140683113997, -0.570214148434054, 0.1106844447348061]
[-0.31744399259319667, 0.4235353804072748, 0.15660596007233352]
[0.24702099238740916, 0.7167315190019217, 0.036247488610669176]
[0.0032179911839769204, 0.7248248574778233, 0.12876736226123753]
[-0.12066688731639663, -0.5327064511252336, -0.3466266615583695]
[-0.10554852762740974, -0.5642217177627769, -0.3302297546098132]
[-0.3043960316734916, 0.48057232678644013, -0.21503164154006826]
[-0.0006068786564963347, -0.4114544966230902, -0.34902628983047324]
[0.0, -0.6908595251876215, -0.009278431557167677]
[0.15247903097163285, -0.19686095584088892, -0.3020974052104295]
[0.0, 0.686059007004445, 0.0]
[0.2297390524452172, -0.4924528995703603, -0.1879017012410048]
[0.00046948086813913825, 0.01408489094053711, -0.3702635982144422]
[0.01366174180830182, 0.5580140971608469, 0.30693344603309236]
[0.0010539273696248408, 0.541597422434791, 0.3101015435793988]
[-0.2788458652774779, 0.3462849324996613, 0.20438031336720086]
[-0.1370762247306282, 0.5206714329599307, 0.23770397499757911]
[0.07788273166605153, 0.7114188099464207, 0.21069845838752777]
[-0.10839912386972017, -0.7206183907491096, -0.04459980237288097]
[0.0010611546650958203, 0.4676664109221571, 0.33332490279230864]
[-0.27402612772021484, 0.6146665421038966, 0.0]
[-0.06530776633523327, 0.09675729438639769, 0.3429806598645211]
[-0.08981099187572528, -0.6014635053682601, -0.30872550275601474]
[0.1706312042206144, -0.6532530768306641, -0.056880644801331925]
[0.010760642487413374, -0.718187680994318, -0.12268195959026396]
[-0.0010295925295731312, -0.3427740343479646, 0.26488506508944765]
[-0.19017919391017546, -0.7394614229779113, -0.07035938311191325]
[-0.00011878496225714574, -0.7101417335889062, -0.17166025482856506]
[0.11818910256235737, -0.6622079407728901, -0.13255328445127423]
[-0.0010313571058242488, -0.5799513378265366, -0.2929254524564273]
[0.0010678470875546964, 0.3744631758262813, 0.35550853898271884]
[-0.1547822930192101, 0.2832779035904711, 0.28897991089416886]
[-0.0010935057382250868, -0.18111917515069065, 0.3296923640312204]
[-0.0010165432127345886, -0.24236335047880186, -0.37484737120148237]
[0.05311325519455545, -0.243236808397164, -0.3502032504370336]
[-0.16382208423809397, 0.2792844610211931, 0.2844193708708367]
[0.0010359868409122175, 0.34106589546220256, 0.3600419159792301]
[0.0005184658244223872, 0.7075865140085984, 0.03531901801027315]
[-0.21438509151580465, -0.7311811729640545, -0.05443373552014086]
[-0.125306021970349, 0.10464150783354143, -0.37819369651327217]
[0.0007767580640938299, 0.08248573445828278, -0.3586862032026765]
[0.15557026261562545, 0.748590121878842, 0.09583961550553255]
[0.14170740516648417, -0.6578887476400815, 0.0]
[-0.09632596846548436, 0.21473850930622596, -0.34107641152680224]
[-0.0009218936444178594, -0.46382469386864833, 0.19725306558021094]
[0.05497937330627645, -0.010197350100269453, -0.34929458145260095]
[0.0009157636411309955, 0.7242475104787076, 0.1308166703810396]
[-0.08618324106599706, 0.6921107367715065, 0.09682873208203024]
[0.6018051085271483, -0.3196905106669117, 0.0]
[-0.09827723046642567, 0.6849540916718078, 0.10394219556147899]
[-0.22837512312541464, 0.572115154026217, 0.12998996263013995]
[0.08677780755306475, 0.7287070542705669, 0.18451513817636833]
[0.0010173151225774113, 0.06412629650920199, 0.3737356908338736]
[0.10109282631043781, -0.5459360598730467, -0.24983721414248583]
[0.001085746966819734, 0.30721336882645445, -0.2872316537472588]
[-0.28731003347472983, 0.605761023169386, 0.0]
[0.0009242880990854019, 0.7080275169697061, 0.17579338948366252]
[0.3328326360584346, -0.42412427504290506, -0.14576210276410762]
[0.06362604526322557, 0.6542783441787345, 0.26598737567339414]
[0.030438652992056392, -0.696192988713814, -0.02725743964545857]
[0.005500576208815833, -0.17476416824283802, 0.3331459320840038]
[-0.08745882270227368, -0.7274635786645279, -0.1850775986331984]
[-0.017568453475887646, 0.027060178288212278, 0.36453966418213435]
[-0.09700943821617658, -0.5815206866127215, -0.32116291769089456]
[0.000830375656553084, 0.49426132264793954, -0.17946116769266385]
[0.0964176854635943, -0.5580538743652163, -0.24523565015753346]
[0.0009860838178212816, 0.14381875651469445, -0.34415977620520666]
[-0.04250601139998944, -0.5324773199557251, 0.14298482063205475]
[0.030884422133505174, -0.14769386782284655, -0.36566696350845684]
[-0.1727061597252968, 0.6555297209219515, 0.0]
[-0.14156342682761358, -0.7482033598499841, -0.11023321332240232]
[0.1529876045352898, -0.6540281969395532, 0.0]
[0.10398318465058809, -0.24575869352613955, 0.3270386160055596]
[-0.001104100612699832, -0.24907850327376346, 0.306108946064958]
[-0.001055430843196259, -0.5279878389585237, -0.3165697690460072]
[-0.15110439849261725, -0.6295228440581359, 0.05159529887395653]
[0.03014228104857697, -0.5590298608993102, 0.13077042811497508]
[0.0010919961416853141, 0.6231343440051824, 0.26850639978929025]
[0.287166405395628, 0.6936094788343778, 0.019224115769993944]
[-0.08433360582475402, -0.7228377364613648, -0.19282865771388114]
[-0.1316402909808435, 0.5653692439156133, 0.2178415627937853]
[-0.0010658944740916665, -0.7055866501476313, -0.1814647884215309]
[-0.27176370533146166, 0.5442985058438512, -0.15976897457738115]
[0.00010241267421906564, 0.6329398516665314, -0.06349899340432152]
[-0.0010671329620565162, -0.4902972531067935, -0.33002598723767895]
[0.05586257900418823, -0.4643625217120022, -0.3081012104416905]
[0.09639038093037611, 0.586314509656791, 0.3172951094128329]
[0.011986017410167582, 0.7096213604442805, 0.17911773169239753]
[0.11474326981962402, 0.5457695124170905, 0.3394872177632855]
[0.0006960448950141807, 0.7212857757144966, 0.06492493562571022]
[-0.08163624228890898, -0.7158068223631907, -0.20255693534790042]
[-0.009680024650928876, 0.7038577847467202, 0.1725856547031197]
[0.6810384003087022, -0.17454886362289757, 0.0]
[0.3652501112806834, 0.0, -0.19777664365069902]
[0.21578623021404053, -0.5811300681671986, -0.13335557990276503]
[0.27769091463781015, -0.07195145871290987, -0.24289556630413023]
[0.08694439648146046, 0.6116257074260316, 0.3014298960925079]
[0.012593289936737362, 0.03178683073305466, 0.3745554708634429]
[0.015107731655528589, 0.031401783637575065, 0.3751014999146851]
[0.00045058067183600947, -0.025194334608020008, 0.3658693270540332]
[0.0010281475642115456, 0.6048337537273991, 0.27925566648486133]
[0.11076866630652926, -0.6487976567378503, -0.15888345815406202]
[0.0008105576240675649, 0.7250066082942279, 0.07994871283900862]
[-0.2032947907579401, 0.6464356380862606, 0.0012481480869306338]
[-0.0008282075444222547, -0.7252955565658687, -0.10117406158451803]
[0.08458356930235, 0.6177134523243573, 0.2977029783732925]
[-0.0009807779699988473, -0.14414827241259198, -0.37922658765192097]
[0.5267190900585099, -0.2474537551324405, -0.07925856282045385]
[0.13613796200685924, 0.7498840595134832, 0.11397797847965752]
[-0.0006643899642886364, -0.5856081434059389, 0.1064060446946744]
[0.0, -0.6052866353381234, 0.08823622504033812]
[0.0010802505491984693, 0.572128271277704, 0.29730937998731677]
[0.0, 0.6600746410653533, -0.035004509420829555]
[-0.35777091844539033, 0.3626957494601637, 0.15058233588367242]
[0.41874219776405597, -0.3883252130282755, -0.10204061900181272]
[-0.22551111418622927, 0.5232437054480634, 0.17219781138285772]
[-0.001069213231504218, -0.4536964300280175, -0.3406817414557215]
[0.10794613377213036, 0.559577604377361, 0.3324762618505086]
[0.09781195161437295, -0.436847152805787, -0.29284367246894905]
[0.09682431788876378, -0.65916440792842, -0.15940842912620523]
[0.24075995447686283, -0.6239888690894604, 0.0]
[0.10162944339421864, 0.5724096914524639, 0.32596086515331746]
[0.04887058360680552, 0.3684689597749351, 0.36803187685408134]
[-0.001041291919385512, -0.6927326833658441, -0.1992911332596371]
[-0.08698083507141074, 0.4952215278640961, 0.28012457260401535]
[-0.01014659301323706, 0.21928298157018333, -0.3238794682134548]
[-0.0009235657429821353, -0.07666113045144007, -0.3786330403474628]
[0.047035191768745266, -0.11243999317378783, -0.35791462296689913]
[-0.14571020913101562, 0.31299090969421495, 0.2887544682902343]
[0.5630935214404751, -0.2587651094760982, -0.05148623940830521]
[-0.15239675524106044, 0.6617086050939116, 0.0]
[-0.6056374426375873, 0.2703798348489541, 0.01850293858759522]
[0.048024711653119834, -0.293557327156463, 0.2966872805469476]
[0.0, -0.6055489555230301, 0.08799339689526997]
[0.17208805428297835, 0.7448593889460662, 0.08305255677095547]
[-0.0008975390913766867, -0.7246275720927483, -0.11464866441315746]
[0.07962713542866107, 0.7184083661503489, 0.20196449842098985]
[-0.07537417071345454, -0.6751611229053556, -0.2494647063811899]
[-0.1334612314805348, -0.7474192870280032, -0.11911948149146201]
[0.26160248438413514, -0.3436829229011996, -0.21815660153048155]
[-0.11398111011451029, -0.7441951362410074, -0.1418237536444824]
[0.4166631494477522, 0.5229142693061919, -0.060422581246055596]
[0.0010720641779022877, 0.1299487183626773, -0.34819834481207124]
[0.0009517836284513859, 0.3473001409934673, -0.26845525851152696]
[0.0008670283246932087, 0.6732236859889364, 0.22257828414955427]
[0.002764315099671455, 0.3078392503290668, -0.28643013507598525]
[0.0008621232734744577, 0.47783617693444214, -0.19172635101733904]
[-0.3518367486054268, 0.5243476862977698, 0.06122960028391544]
[0.0007671353195668473, 0.5646532929811001, -0.12630797201770083]
[0.0010391998996341911, 0.36319040792529567, 0.3570347897542028]
[-0.029262792765139323, -0.07726249391775497, -0.3847049389963505]
[-0.04999070889251145, 0.30381304190640757, 0.3417167056614945]
[-0.17501534182057588, 0.5936967515996319, -0.1074274084338096]
[0.0, 0.6732380046539799, -0.018471306204126514]
[-0.07021384982464474, -0.3931314482884495, 0.22072491305091546]
[-0.000954214281152499, -0.056349838351831605, -0.3773069455799283]
[-0.0018564247226937614, 0.6965978271194859, 0.1935129353065006]
[0.06805901987118723, -0.00038382910271084203, -0.34262816335694635]
[0.0008245755478388794, 0.7256712554666778, 0.08886901258337132]
[-0.04672060174782733, -0.4344067583457911, -0.35625065585668914]
[0.08565587334159153, -0.3615016045793311, -0.31587609324333554]
[-0.001069213231504218, -0.43644673783673427, -0.3441775783394304]
[-0.03429819935527423, 0.5301423453222849, 0.2957043120047671]
[0.06679666053971234, -0.36732281906899744, -0.3253469289663137]
[0.0, -0.6206598277669932, 0.07315587807842872]
[-0.0015831807756356842, 0.3401209547808657, 0.35900133496417674]
[0.0010321716208046006, 0.25080780199244845, 0.368476710350893]
[0.0010321716208052667, 0.25080780199244823, 0.368476710350893]
[-0.2753618835264626, 0.6005830217838763, 0.034182527073637115]
[-0.0985523465900695, 0.21048944584436113, 0.32546385041555914]
[-0.07883427871119408, -0.01299102413676445, 0.3326753433763383]
[-0.059635646473621295, -0.017299471446923342, 0.3409882818204979]
[-0.15086981471400995, 0.04547610020237869, -0.39431780717534237]
[-0.2873100334747296, 0.6057610231693862, 0.0]
[-0.36773678323696235, 0.3709603187221202, 0.1410429730807945]
[0.0010401436143645526, 0.6941219766039535, 0.20102310259106537]
[0.06690999427352007, -0.2901278126523319, -0.33706036401732353]
[0.2695036114692675, -0.16518107350516853, -0.24266243496578366]
[0.0010802505491984693, 0.5336179618010388, 0.31402146473498505]
[0.24367647894722988, 0.7186210441156584, 0.037702476937111706]
[-0.07374600548983445, 0.49282218837871805, 0.28830012226953206]
[0.012975270908775816, -0.05062875995327498, 0.3650468690883555]
[-0.4543635716845509, -0.028599806352068047, 0.1460891065808707]
[0.013303837486360104, -0.023657177816276298, 0.36873509477439415]
[0.01694941269644401, -0.02181654215302331, 0.3697693302619851]
[-0.002564802634483443, -0.0778763766641708, 0.35646274245737475]
[-0.0010501686558663792, -0.6454148839943413, -0.24964182090837084]
[-0.7242126715945937, -0.0022288763289964875, 0.0]
[-0.2443653846488305, 0.14743826865582688, 0.2530157119026941]
[-0.005736581856764511, -0.10640863411759327, 0.34864192052721577]
[-0.6444208907800217, -0.3219396245897157, 0.03363948463026256]
[-0.46979643399540516, 0.0, 0.13887907402415012]
[0.4252083041675374, 0.511744994459649, -0.06304670137281365]
[0.330859606796821, 0.1498810236192063, -0.20356168022991883]
[0.16452502884157294, 0.18928071812646552, -0.26827207829101685]
[0.03856523776148557, 0.20122864151726794, -0.31454768777342734]
[0.039280218185486104, 0.241453655849327, -0.3009339269293958]
[0.005481414454984623, 0.2615548805891277, -0.30468880039719615]
[0.7425357138248156, 0.22916533589631838, 0.0]
[0.0017384823879487143, 0.20894454781313754, -0.32481863642543773]
[-0.0852353846667735, 0.2325574976726803, -0.33196097022389714]
[-0.11587890847858195, -0.7451135045421509, -0.13900758697926718]
[0.1661516952130031, -0.34025296197262, 0.28932202145055097]
[-0.18189339806290472, -0.7421463546644665, -0.07596024727262884]
[0.0, -0.7078767778263761, -0.03881552269601296]
[-0.07382422715561399, 0.4305214598623477, -0.23171768457609532]
[0.0034855328954741527, -0.004323039291995401, -0.37147157127918906]
[-0.0006425675766694727, -0.7110438090560611, -0.04586379053859302]
[-0.031150514926505668, 0.0, -0.378714155749044]
[-0.0010840982568508517, 0.6524729935531719, 0.24371212117044094]
[0.0, -0.6400098073420425, 0.05286699714478993]
[0.08013906838691032, 0.5211965946635311, 0.3392525868055063]
[0.23068646755750666, 0.7259599151316145, 0.043353617310879056]
[0.10476212843499, 0.7428525280558054, 0.15238534350920485]
[-0.07999013607314354, 0.597752065383077, 0.23252139998618526]
[0.0010579409248572258, 0.5190213888113071, 0.3185405500316407]
[-0.11503212977456712, 0.4810620637456884, 0.26727734238007517]
[0.17104990858159308, 0.4100069996165061, -0.1894609242722458]
[0.0009932003264305767, 0.3516046603848515, -0.2664210650004645]
[0.02573818995239785, 0.48766425793368584, 0.33471351446539166]
[-0.08250822729672391, 0.38255966755458104, 0.311204528168308]
[-0.12717415526017783, 0.6794560956459554, 0.054271122091412716]
[0.0010611546650960424, 0.49230445310504356, 0.3268205721339603]
[-0.5193966110860343, -0.4207480004409121, 0.05985538847305372]
[-0.16145641316499781, -0.29410341847307775, 0.23501569419799728]
[-0.1424293684748894, 0.19826800028551372, 0.3038860963241743]
[0.13865932571117123, 0.7502653901272189, 0.11107528416160983]
[0.0009947132100527334, 0.3213358045382715, 0.36238538633758477]
[0.0010359868409115514, 0.2654789306846599, 0.367875239319845]
[0.4443935420624614, 0.4866681875355354, -0.06893827040200307]
[0.11165882415296546, 0.746181838907396, 0.14215933693963878]
[0.08462581043571671, -0.672051606602945, 0.0]
[-0.7095433439978228, 0.24358801410490938, -0.046868641897267804]
[-0.02287938914304133, -0.19089432763556347, -0.38330393093808834]
[0.04868651227417575, -0.14207812985131607, -0.3578463490501895]
[0.29351525684652624, -0.31355617962319293, -0.20755614388690247]
[0.174161294120885, -0.6518791975594156, -0.06325838175113407]
[0.6162430648285968, -0.05549553606455537, -0.05956739437380176]
[0.42355646594219953, -0.5214056056898022, 0.0]
[-0.027323961580296596, -0.6302278429539306, -0.2702683972948061]
[-0.0397134118356367, -0.4383285115393355, 0.2041882512230937]
[-0.001104100612699943, -0.24907850327376235, 0.3061089460649582]
[-0.278845865277464, 0.34628493249966574, 0.2043803133672082]
[-0.026927277118602766, -0.08887692192882823, 0.3438251063169142]
[0.18284935109204148, 0.7424288264826653, 0.07472182242529324]
[0.060124250826056214, 0.6239116224750958, -0.06789005162108619]
[-0.02711455146260222, -0.08947871711498523, 0.3436363680744723]
[0.4024987294655935, 0.5414284220641641, -0.05607284847024241]
[-0.007078914575268103, -0.25694463705835124, 0.30124116541823964]
[-0.22506557918745607, -0.7277565584743757, -0.04717786233816823]
[0.0, -0.6706826010046243, 0.01761287392792532]
[-0.0017248145681237892, 0.6880764190413824, 0.2052422500120199]
[0.35660735582824676, 0.6227485528106524, -0.02064409136110068]
[0.39836240961655855, 0.5468349588399253, -0.05480263154351639]
[-0.840643040149518, 0.0, -0.06843456856057173]
[0.00086212327347579, 0.4992080712159863, -0.17608793594510375]
[0.011867630907343774, -0.4424930232186025, 0.21151194269008422]
[0.06607576789090164, 0.6961701754826293, 0.009260850129807485]
[-0.11372062915321834, -0.7443848755663308, -0.14189449528045084]
[-0.0009212628435764092, -0.7201398526495407, -0.13956751352636054]
[0.29554985922460886, -0.2498027548567303, -0.2170456599091617]
[-0.06759439849388327, 0.12320874933227688, -0.36334655464582655]
[-0.08000246238045738, -0.7115482320623285, -0.20844930555721408]
[0.0010173151225778554, 0.2471351371515227, 0.3687900910814743]
[0.3503868111904138, 0.002351035440360638, -0.20496091793789972]
[-0.06161482465729384, -0.6967610708831855, -0.22022067565981274]
[0.0010321716208043785, 0.2508078019924511, 0.368476710350893]
[0.07788273166605153, 0.7114188099464207, 0.21069845838752777]
[0.07703267600018004, 0.7080127683060433, 0.21495455569377664]
[-0.045352510743609464, -0.40189053950190345, -0.36189313480676777]
[-0.13315565487620828, 0.6270265371506105, 0.16366632012599447]
[-0.0010469875722831645, -0.28661251921448205, -0.36999122026851317]
[-0.2197117894408278, 0.5969685540307825, -0.09865742854783088]
[-0.07447512438492643, -0.7293298895145428, -0.07206098652225978]
[-0.17836061051300556, 0.29255071630681884, 0.27434041824816746]
[0.05311325519455434, -0.24323680839716333, -0.35020325043703426]
[0.0030563834726109462, 0.0377554381687879, -0.3660020793655804]
[0.14450785027331325, 0.49227662777625714, 0.3632155219504296]
[0.03432204596518651, 0.41834445400417675, 0.354782844158672]
[0.014237158463284993, 0.700813677189529, 0.02038498380773479]
[0.09679616122361678, -0.5570728773856668, -0.24560816950690534]
[-0.3815564028405911, -0.5858774050497828, 0.03256619210962608]
[0.05827462046667531, -0.0853264209480662, -0.35246349550525347]
[0.41443753309075193, -0.4206716652548974, -0.08799151933369165]
[-0.17954062512585356, 0.11559084926960383, -0.3839824705033671]
[-0.5594757944408761, -0.38626328688416334, 0.0542609186749603]
[0.2477146753681745, -0.06648257527602808, 0.40546717681811106]
[-0.0011002635973331731, -0.10442922357048223, 0.35102094409028184]
[0.2157264607590157, 0.023651234881457484, -0.2700498878997639]
[0.1564536015276794, -0.6531143958243435, 0.0]
[0.11916150477453535, 0.0, -0.31838438471342123]
[0.08457145806133326, 0.7378447432536714, 0.15427950893452902]
[0.04406145025732755, -0.12640060516008378, 0.3550293595215315]
[-0.275573162644113, -0.30893310212466485, -0.41549373523122224]
[-0.1782971164633521, 0.0811075373902701, -0.392555535451633]
[0.30156987699968507, 0.6252787073321757, -0.029962074536617478]
[-0.2582802773065148, 0.10710440764365581, -0.39929372735171687]
[-0.08036777005148865, 0.6488643831118808, -0.0433388379143087]
