[0.9635062763136208, 0.0, 0.036493723686379154]
[-0.35694644095007577, 0.0, 0.0]
[0.5279911479235362, 0.4314424838833877, 0.04056636819307635]
[0.7057657995511972, -0.16013119562414635, 0.0]
[0.5279911479235362, 0.4314424838833877, 0.04056636819307635]
[-0.23003289549634687, 0.017884182941250826, -0.034133615987949284]
[-0.5941073217723505, -0.07379728286405984, -0.01178608449065044]
[-0.5942685253841493, -0.07219590505530715, -0.013476346274853612]
[-0.5588863344272097, -0.07427518299905489, -0.002104346047025474]
[0.7654903363307988, -0.1708530545968916, 0.017626296150413445]
[-0.4933591207402148, -0.078611596509369, 0.0]
[0.5096406148803243, -0.13710064044487746, 0.0191974009179543]
[0.9635062763136208, 0.0, 0.036493723686379154]
[0.0, -0.10537933109367692, 0.011805697208120858]
[0.7860212265021245, -0.09351164043179694, 0.02910332606736543]
[-0.08457137296477046, 0.0, 0.015067187157738804]
[0.6099096032065676, 0.3885793245303666, 0.0015110722630660156]
[-0.5593914845619875, -0.0752692616825823, -0.0019353841691920337]
[0.6099096032065676, 0.3885793245303666, 0.0015110722630660156]
[-0.5941073217723504, -0.07379728286405984, -0.01178608449065044]
[0.03001688251211565, 0.2676718397477107, 0.004699971354496402]
[0.9635062763136208, 0.0, 0.036493723686379154]
[0.9635062763136208, 0.0, 0.036493723686379154]
[0.8112872628914141, -0.1475239265480306, 0.024684438963358257]
[0.9635062763136208, 0.0, 0.036493723686379154]
[0.9635062763136208, 0.0, 0.036493723686379154]
[0.8527037565143276, -0.11961331084421678, 0.027682932641455604]
[0.3641503154495962, -0.09517945596144195, -0.023787376462930943]
[0.41215075479861407, -0.14294365371286766, -0.012856508337507844]
[0.0, 0.2474041679084198, -0.002483701187212195]
[0.409678280299574, -0.14273474459294944, -0.012881247049640332]
[0.6731617682450333, -0.17760734461317562, -0.0017387004597271272]
[0.6805468577803528, -0.17995815024488848, 0.00017651693862630324]
[0.01956177713750029, -0.022644484500044193, -0.032328188255946966]
[0.5400534320410884, 0.41944286456597935, 0.0405037033929323]
[0.527991147923536, 0.4314424838833877, 0.04056636819307635]
[0.18303120704628606, 0.3237488589301658, 0.029821315771106915]
[-0.5667712197489274, -0.07529439503955992, -0.0028378717738672954]
[-0.5912325072604083, -0.07484700275115252, -0.008194576686729405]
[0.042685262071777696, 0.2775575388560678, 0.011679562162090651]
[0.044293579396407434, 0.27824261424703933, 0.011940434978998216]
[0.5706895481612331, 0.42137512702150226, 0.007935324817264666]
[0.3376499156999009, -0.08059320662146519, -0.025587630954420404]
[0.4401484150147206, -0.12064963557365915, -0.01997351989986318]
[0.5279911479235362, 0.4314424838833877, 0.04056636819307635]
[0.7085698765581678, -0.18188806696126103, 0.005758285064946689]
[0.5279911479235362, 0.4314424838833877, 0.04056636819307635]
[0.5279911479235362, 0.4314424838833877, 0.04056636819307635]
[0.7261052799907257, -0.1805283913212764, 0.0103271122286408]
[0.4968812269238181, -0.14024934677354017, -0.015678223436780936]
[0.007118137608888686, 0.03394230318789382, -0.03369846191012216]
[0.9836913525889224, 0.0, 0.016308647411077848]
[-0.5319721711429988, -0.07987634368027385, -0.007225857178131512]
[0.5529179501620824, -0.15584106474342485, -0.011108860442959445]
[0.6244828827554338, -0.17075530443502895, -0.005459181409366298]
[0.6203157674746231, -0.1698638097772005, -0.005789011190610371]
[0.0, 0.24648226690523134, 0.0]
[-0.5644214344596323, -0.07550724192188185, -0.0028424814656703434]
[0.5706895481612331, 0.42137512702150226, 0.007935324817264666]
[0.8496324441087595, -0.1273589812744158, 0.023008574616824706]
[0.9635062763136208, 0.0, 0.036493723686379154]
[0.9635062763136208, 0.0, 0.036493723686379154]
[0.24373584986596764, -0.054833165452930266, -0.02826154771772804]
[0.5279911479235362, 0.4314424838833877, 0.04056636819307635]
[-0.17942978850597524, 0.03174470985066957, -0.03389912111571469]
[0.28533960646913825, 0.245497743807507, -0.015686864107468]
[-0.5941073217723505, -0.07379728286405984, -0.01178608449065044]
[0.03767616075466784, 0.0936293239197663, -0.030379690848143404]
[0.6754419053008238, -0.17833315287943896, -0.0011473795097244333]
[0.6099096032065676, 0.3885793245303666, 0.0015110722630660156]
[-0.4969157237973201, -0.02703223744703942, -0.030193591985782087]
[0.7077360682948699, -0.1823434590712374, 0.00571586014837866]
[0.4005628215581645, -0.10535103931469136, 0.022398819451180385]
[0.0, -0.11259077028446884, 0.008979202787128049]
[0.12228775846130246, -0.10443222323890144, 0.016120404712294256]
[0.9635062763136208, 0.0, 0.036493723686379154]
[0.9635062763136208, 0.0, 0.036493723686379154]
[0.09885445187409547, -0.10336423752669766, 0.0156659172914293]
[-0.4943921880852491, -0.07769322366303844, 0.0]
[0.8695057939380535, 0.1289831337988807, 0.0015110722630660156]
[0.3618559642435708, -0.10927904420367918, 0.02108988310056059]
[0.5482256267755059, -0.15444115621843946, -0.011494990923433202]
[0.9690705829399975, -0.017553990501239958, 0.013375426558762449]
[0.7019737136894371, -0.1820323520128324, 0.0045887598324740875]
[0.4218297803918496, 0.3568292393727117, 0.0]
[-0.5920397205758381, -0.06632292344056923, -0.018020952158117054]
[0.9743512176407456, 0.0, 0.025648782359254385]
[0.9743512539125381, 0.0, 0.025648746087461927]
[0.7053836240188438, -0.18236244440080562, 0.005290932502296508]
[0.9743487254789871, 0.0, 0.0256512745210129]
[0.8937505304426878, 0.10299448336016348, 0.0032549861971487015]
[0.9098784057751792, -0.07369720184724782, 0.016424392377573094]
[-0.08700027127844345, -0.07591198792152021, -0.02511388246852453]
[0.7272671610644164, -0.18027546985935516, 0.010556986048734451]
[0.01906694059267644, -0.00014544254908765986, -0.03339309924239642]
[0.037410395057396295, -0.056545528250827704, -0.029119313706752026]
[0.00125293708597507, 0.050128266982804925, -0.03331891474594684]
[0.1504465289660808, 0.31357619339843157, 0.02880634553069461]
[0.6805468577803522, -0.1799581502448886, 0.0001765169386260812]
[0.6805468577803526, -0.1799581502448886, 0.00017651693862630324]
[0.708339929243897, -0.18231000120937568, 0.0058791749866848875]
[0.037410395057395185, -0.05654552825082759, -0.029119313706752026]
[0.33552454602825277, 0.34436379974902476, 0.0]
[-0.044490142050168546, -0.09351632372261087, -0.02109095934352878]
[0.09706236468451834, -0.08472165314059321, -0.02479571559510707]
[0.33552454602825277, 0.34436379974902476, 0.0]
[0.008373388850171581, 0.06194586093855792, -0.03262246610560926]
[-0.12425744376544534, 0.05090923587557983, -0.032899123439345535]
[0.1336201754325883, -0.04689397569711429, -0.029747891875291033]
[0.7261052799907293, -0.18052839132127585, 0.010327112228641688]
[0.7485010323732972, -0.1756532224578763, 0.014758027982947564]
[0.014850594167138853, 0.07269587862547722, -0.03198893315214235]
[-0.11572166056886701, -0.09358481431911503, 0.011504227878946116]
[-0.3057767020271406, 0.0010050721703560583, -0.033774233065313686]
[-0.37795421873991186, -0.011722085379808012, -0.03281513769725852]
[-0.2827255220323589, -0.09015899068299682, 0.006142623547125803]
[0.7656196466841796, -0.1708165191741372, 0.017648127343218745]
[-0.47469400482790536, -0.025471822453590254, -0.03092197125686169]
[-0.34142679096250095, -0.07853682161550768, -0.02027945309333068]
[0.0, 0.015618813257857411, -0.03382580042760086]
[-0.01959126568759939, -0.03860260880311417, -0.03116317945324265]
[-0.36487073562454564, -0.08336831109601994, -0.01738423395668276]
[-0.5942685253841492, -0.07219590505530715, -0.013476346274853612]
[-0.2512026162092875, 0.012085655912812632, -0.03423171650487555]
[-0.30919714768240114, 0.00024284376191863188, -0.03375800401883977]
[-0.4806779200800475, -0.08081850445784433, 0.0]
[-0.02356097325225015, -0.03921854279300929, -0.03111641506547358]
[-0.5051991435824768, -0.030670582729427798, -0.030132217794824556]
[-0.5543009445966245, -0.04986122536037052, -0.02543293200498975]
[-0.5543009445966244, -0.04986122536037041, -0.02543293200498986]
[0.7656196466841796, -0.1708165191741372, 0.017648127343218745]
[0.7656196466841796, -0.17081651917413732, 0.017648127343218745]
[0.8291233427734497, -0.1452937461651358, 0.025582911061414526]
[0.44505495371400583, -0.1072801046010905, 0.023011646949213427]
[-0.023960430245067887, -0.0664981981513143, -0.027433918854840256]
