[1.0, 0.9951166107511125, 0.08740760701731043]
[-1.0, 1.0, 0.08470522355291088]
[1.0, 1.0, 0.09011062895831623]
[0.15370412758796426, -0.2653508410834995, -0.07983159194471667]
[-0.5359370693971983, 1.0, 0.41950981222425066]
[-0.03531059886302912, -0.08877905590607749, -0.1073824271057291]
[0.17622436420357168, -0.09258853029915126, -0.10383578984973485]
[-1.0, 0.6005681351990357, -0.010666310615256136]
[0.014532144014338444, -0.1569884666745769, -0.1073824271057291]
[1.0, 1.0, 0.3017006161213478]
[1.0, 1.0, 0.3017006161213478]
[1.0, 0.7229005366022239, 0.08740760701731043]
[-0.2144916484684487, -0.26168357496590455, -0.0606885757033645]
[0.31304784365077865, -0.10436365782517587, 0.038945770651956924]
[0.28846969415502643, -0.19799141154993505, -0.013423152309424813]
[0.17622436420357168, -0.09258853029915126, -0.10383578984973485]
[0.3130478436533237, -0.10436365781659729, 0.038945770656479084]
[0.17493659278763873, -0.11058613950778662, -0.10391447969463197]
[0.17622436420357168, -0.09258853029915126, -0.10383578984973485]
[1.0, 0.6587109122117711, 0.11577369152177419]
[-1.0, 1.0, 0.3870704941854297]
[0.17494800695609558, -0.11059313089665956, -0.10391329913683223]
[1.0, 0.7229005366022232, 0.08740760701731043]
[1.0, 0.7229005366022232, 0.08740760701731043]
[0.19525463096944096, -0.15111059019469197, -0.09967006242987364]
[0.9629512070029551, 0.7055895825875009, 0.06861767406721753]
[0.19525463096944096, -0.15111059019469075, -0.09967006242987364]
[-0.9576007249861477, 0.8590781155025424, 0.39078812017042375]
[-1.0, 0.2529288507348513, 0.09656727649916896]
[0.9423438065306022, 0.7444752818613241, 0.05895684759103914]
[0.5593814939129262, 0.9448349985180977, 0.41950981222425066]
[0.9629512070029556, 0.7055895825875007, 0.06861767406721775]
[0.3189857116940402, -0.05794784902338823, 0.06340098196286759]
[0.9423438065306022, 0.7444752818613232, 0.05895684759103936]
[-0.5359370693971964, 1.0, 0.41950981222425066]
[0.19525463096945206, -0.15111059019466344, -0.09967006242987508]
[1.0, 0.9951166107511125, 0.08740760701731043]
[-1.0, 1.0, 0.08470522355291088]
[-1.0, 1.0, 0.08470522355291088]
[0.9840755794172318, 0.9635182092890917, 0.07653653589947407]
[-0.9226635009513227, 0.9769133173688194, 0.0721354502993512]
[0.9610295761445131, 0.9493848776468612, 0.0697805919605341]
[-1.0, 0.6005681351990357, -0.010666310615256136]
[-1.0, 0.8568908481180213, 0.03888878609148083]
[0.973071704936916, 0.8881810120101405, 0.0690245575875783]
[-1.0, 0.4029734285201534, 0.1830067567192626]
[0.9406394067801893, 0.9165935589086773, 0.06253546923740272]
[0.23876916653225622, 0.8044270441899939, 0.03390764642854682]
[-0.1553903424477172, -0.15464262624657465, -0.10268290825875692]
[0.16753619079907334, -0.2036364896675098, -0.09723259037291043]
[0.9507919634649029, 0.7534941386064511, 0.06135260199259496]
[-0.7969845670412101, 1.0, 0.41613853855438854]
[-1.0, 1.0, 0.3870704941854295]
[0.18061024705120365, -0.2636792098213685, -0.061368781847332854]
[0.852367826928123, 0.8166061276257883, 0.04028486367341522]
[-0.9332808533818544, 0.8409876659424484, 0.3934224908311472]
[-0.411568790253793, -0.04524524071657443, 0.06880595055018102]
[0.8680044822803832, 0.7813570712216924, 0.039294467735435656]
[-1.0, 0.6005681351990357, -0.010666310615256136]
[-1.0, 0.6005681351990357, -0.010666310615256136]
[0.864394783554246, 0.7284226855553297, 0.0376716812123028]
[0.7933560231478476, 0.7208302947426903, 0.0227155443663416]
[0.5593814939129254, 0.9448349985180977, 0.41950981222425066]
[-1.0, 0.6005681351990355, -0.010666310615256247]
[0.22322548226348227, -0.23987202030564914, -0.04147711991452785]
[0.8260090346975586, 0.6249166775104116, 0.029191367307824123]
[-0.4275042978348267, 0.44044048348620635, -0.0343060570461694]
[0.19525463096944118, -0.15111059019469186, -0.09967006242987364]
[-0.9498489633272784, 0.7311759609825321, 0.35655711909337384]
[0.5593814939129214, 0.9448349985180977, 0.41950981222425066]
[-0.28719941705472274, -0.26177365804879826, -0.06524641490151029]
[0.18061024705119832, -0.2636792098213685, -0.061368781847332965]
[-0.39136625921214496, -0.13262422220450065, 0.022746482456688977]
[-0.38747018819606005, -0.16230331173724422, 0.006306303593963225]
[-0.4118259309929273, -0.04440042669119704, 0.06921814452030706]
[0.7160306320889447, 0.5722756529540671, 0.004132361882855484]
[-0.9332808533818542, 0.8409876659424484, 0.39342249083114744]
[-0.4115687902537932, -0.045245240716574764, 0.06880595055018102]
[-0.6503766638065467, 0.7591590771246384, 0.37562658878513977]
[0.31970561726131264, -0.04678479778090705, 0.06928124077960773]
[-0.6503766638065427, 0.7591590771246375, 0.37562658878513977]
[-0.4118259309929273, -0.04440042669119704, 0.06921814452030706]
[-0.6503766638065427, 0.7591590771246381, 0.37562658878513977]
[-0.933280853381666, 0.840987665943695, 0.3934224908315658]
[-0.650376663806539, 0.7591590771246373, 0.37562658878513977]
[0.6180854244811413, 0.4941141118185568, -0.015729302112734156]
[0.5593814939129258, 0.9448349985180982, 0.41950981222425066]
[0.44880211424547634, 0.746501918388023, 0.37269059757207756]
[0.6032489937830723, 0.4494083738563175, -0.019670153185636363]
[-0.4118259309929242, -0.04440042669120148, 0.06921814452030506]
[-0.4275042978348309, 0.44044048348620923, -0.03430605704616896]
[-0.08543431722235573, 0.7878864553562086, 0.38711234144562257]
[-0.41182593099292775, -0.04440042669119981, 0.0692181445203055]
[-0.427504297834836, 0.4404404834862097, -0.03430605704616896]
[0.19525463096944184, -0.1511105901946883, -0.09967006242987375]
[0.3197056172613153, -0.04678479778087452, 0.06928124077962483]
[0.3189857116940409, -0.057947849023378795, 0.0634009819628727]
[-0.21449164848704783, -0.26168357496585104, -0.06068857570374708]
[-0.4118259309929271, -0.04440042669119659, 0.06921814452030728]
[-0.2144916484748829, -0.26168357496591255, -0.060688575703768066]
[0.1858867547395937, -0.2609961904375995, -0.058788863152289816]
[0.18991541923399846, -0.2588788888599943, -0.05684946957470105]
[0.19659493202022027, -0.2552611270221654, -0.05368137059970601]
[0.20241117259090902, -0.25202396027991925, -0.050961155809996384]
[0.20916062502157517, -0.24817267134562981, -0.047846342618701354]
[0.21594263589840268, -0.2442135821611514, -0.044755932217388605]
[-0.00776323942259205, -0.08003081134877421, -0.10628907810143895]
[0.2232254822638282, -0.23987202030544297, -0.041477119914372085]
[0.3046644707015975, -0.13606671590773534, 0.021516879868008987]
[0.23078115310460157, -0.2352798300271539, -0.0381143621232638]
[0.2387332562877824, -0.23035936648537925, -0.034613758317903476]
[0.5268566558422212, 0.15460429231239914, 0.07930235288228449]
[0.19525463096943985, -0.1511105901946922, -0.09967006242987386]
[0.2470246544632939, -0.2251429832926134, -0.031001787095056854]
[-0.46135367043429276, 0.5713148650757387, 0.31274396992327547]
[0.3239230419643837, -0.03324653734010474, 0.07473870354167023]
[0.31970561726139946, -0.04678479778086475, 0.06928124077962883]
[0.5593814939129216, 0.9448349985180986, 0.4195098122242509]
[-0.41182593099292975, -0.04440042669119537, 0.06921814452030772]
[0.3343569542601714, -0.009076026387087599, 0.0829653840919431]
[-0.46135367043429687, 0.5713148650757418, 0.3127439699232766]
[-0.46135367043429687, 0.5713148650757416, 0.31274396992327635]
[0.319705617261393, -0.04678479778086331, 0.06928124077962927]
[0.37229537512017563, 0.04695512552922709, 0.09542986562017797]
[0.34125105998404637, 0.028883575956269558, 0.09972482635262536]
[0.25568690444354236, -0.2196083510790634, -0.027265795559385686]
[0.34125105998404015, 0.02888357595624469, 0.09972482635261537]
[-0.4118259309928294, -0.04440042669121136, 0.06921814452030128]
[0.34125105998404215, 0.02888357595625335, 0.09972482635261892]
[0.3707772435827339, 0.1595802149132144, 0.15226399067789131]
[0.264702770123304, -0.21376408604253205, -0.023414276647647614]
[0.37077724358273434, 0.1595802149132184, 0.15226399067789287]
[-0.3191638077841309, -0.21769431894039504, -0.02727352225484081]
[0.2740749166744456, -0.20760640130294095, -0.01944700182591852]
[0.37077724358268327, 0.15958021491315533, 0.15226399067788288]
[-0.41182593099291587, -0.04440042669121336, 0.06921814452030017]
[0.43116365642982135, 0.23905577053743676, 0.1663452303620474]
[0.5625696840479972, 0.3763602128403676, -0.028120250991180984]
[0.19525463096944828, -0.15111059019468365, -0.0996700624298722]
[0.40605398109101465, 0.5721712074621905, 0.314239657798177]
[-0.7969845670412101, 1.0, 0.41613853855438854]
[0.31970561726139834, -0.04678479778086342, 0.06928124077962927]
[0.28378982899640137, -0.2011423846952637, -0.015370483940116308]
[0.2891596558165572, -0.19436365808907408, -0.011190847784540048]
[-0.4118259309929213, -0.044400426691214245, 0.06921814452029973]
[0.29062063137452143, -0.1872860527881577, -0.006918018793423131]
[0.19525463096944073, -0.1511105901946912, -0.09967006242987375]
[0.2922474986861845, -0.1799428537461435, -0.0025644210308048976]
[0.2940340718628702, -0.17236207651633673, 0.0018533208232045517]
[-0.3870432964834345, -0.18279343293092276, -0.005602152969311325]
[-0.9576007249861477, 0.8590781155025424, 0.39078812017042375]
[0.6180854244811411, 0.4941141118185568, -0.015729302112734156]
[-0.9576007249861476, 0.859078115502542, 0.39078812017042375]
[0.19525463096948004, -0.1511105901946489, -0.09967006242986587]
[-0.9576007249861473, 0.8590781155025415, 0.39078812017042375]
[0.29597070409742465, -0.1645809171131548, 0.006314161592633205]
[0.4310296979809842, 0.24741293010222276, 0.17009115635712524]
[0.37366617471233776, 0.18048881967472563, 0.16053056916890251]
[-1.0, 1.0, 0.3870704941854295]
[0.19519304249571356, -0.15127176194108938, -0.09966125324521125]
[-0.1616391156895225, -0.1801862097658966, -0.10022222062799069]
[0.16753619079907334, -0.2036364896675098, -0.09723259037291043]
[-0.06004983245852036, -0.26526309173898777, -0.08962073665923986]
[-0.7969845670412098, 1.0, 0.41613853855438854]
[0.4445289879558538, 0.2720506319571381, 0.17621851888287443]
[0.5832663374216773, 0.44714067417425385, -0.023334298240746953]
[0.2980434355688044, -0.1566478340334465, 0.010791681233317973]
[0.358308647525597, 0.17083846476413522, -0.06841735403275728]
[0.19488508601298205, -0.1520381029944302, -0.09962022401167014]
[0.44817912263328985, 0.2853219070334383, 0.18072916255319038]
[0.1943498068980558, -0.15331090673748093, -0.099553428215166]
[0.7059067315274399, 0.4381266194128228, 0.003372929459945162]
[-0.7639536604399783, 0.26144566315437867, -0.05626480044302418]
[0.30023326661874195, -0.14862390261679193, 0.015253587620909892]
[0.41711832200899446, 0.3022021922516771, 0.19839058179967828]
[0.6218177878173643, 0.3436307185945431, -0.014410100191098674]
[0.3197056172613191, -0.04678479778086331, 0.06928124077962927]
[-0.39136625921214485, -0.1326242222045012, 0.022746482456688755]
[0.19360638526444318, -0.15500688129827922, -0.09946613528974757]
[0.19267248723498587, -0.15705792248061123, -0.09936254140225975]
[0.39363255172478717, 0.0788915053008632, -0.06073133229217886]
[0.7059067315274397, 0.4381266194128226, 0.003372929459945162]
[0.39363255172478406, 0.07889150530085964, -0.06073133229217953]
[0.19156343728964287, -0.1594097036860459, -0.09924592397999266]
[0.38240977830772094, 0.26170889130324504, 0.19260582453162445]
[0.28846969415501755, -0.1979914115499456, -0.013423152309426367]
[-0.27833435715763644, 0.755701981961264, 0.37650684730393547]
[0.3054302337871646, -0.13018168895268, 0.025307039574865353]
[0.19029192784181714, -0.16201976936365858, -0.0991188036759677]
[0.18886805129333717, -0.1648555454526036, -0.09898309438996922]
[0.39133321462174786, 0.37469342317592247, 0.2371810757769004]
[0.6777530598120864, 0.2700367164820303, 0.057561826915625725]
[-0.761479348122939, 0.45261681191675374, 0.26586021755484146]
[-0.5306466238002048, 0.12992049147357432, 0.13906907996300877]
[0.18729950551642593, -0.16789248813692403, -0.09884023290352262]
[0.35830864752559877, 0.17083846476413767, -0.06841735403275695]
[0.39339378762023314, 0.40413518914635027, 0.2487961846331257]
[0.7059067315274377, 0.4381266194128206, 0.003372929459944718]
[0.3584649924212173, 0.09989191472288961, -0.06884024534722633]
[0.3707772435827341, 0.15958021491321595, 0.15226399067789176]
[-0.7614793481229465, 0.45261681191676373, 0.26586021755484524]
[-1.0, 1.0, 0.3870704941854295]
[0.4060539810910295, 0.5721712074621914, 0.3142396577981774]
[-0.3939041014622363, -0.12091405645524267, 0.028986226960127315]
[0.18559187649816944, -0.17111246905824995, -0.09869128609517752]
[0.4731503769974881, 0.28020696113633203, 0.16958282815671444]
[0.39488977219889354, 0.42770300889581936, 0.2580937169197184]
[0.37077724358273434, 0.15958021491321794, 0.15226399067789265]
[0.18374894004085474, -0.17450242316131015, -0.09853703703216687]
[5.0e-6, 0.0, 0.0]
[-5.0e-6, 0.0, 0.0]
[0.0, 5.0e-6, 0.0]
[0.0, -5.0e-6, 0.0]
[0.0, 0.0, 5.0e-6]
[0.0, 0.0, -5.0e-6]
