[1.0, 0.03302992592874521, 0.03239844719111562]
[-0.8758471182577305, -0.07739565266005433, -0.029350302823539898]
[0.9069308955440123, 0.6841347522058903, 0.03239844719111562]
[0.34927798602435667, -0.18529475174468013, -0.007923652063095865]
[0.1248335846751103, 0.07718526343179599, 0.03239844719111562]
[-0.31528389759054387, 0.03404903522689229, -0.048813473020202]
[0.6163677032803179, -0.18529475174468013, 0.012730940608928432]
[-0.09908438727987079, -0.06817399107529076, 0.019670346882582734]
[0.11312785674250203, 0.15355449295211, -0.0420521525419878]
[0.005824743819371481, -0.007204221205111994, -0.0477147199787592]
[0.024874615352971974, -0.0784073680910794, -0.04180887463738048]
[-0.08407462662437137, 0.11776344357876756, 0.029238312109440168]
[-0.8644736122504729, -0.08183171390359967, -0.00859869593612328]
[-0.7738392836897371, -0.06989475174743653, 0.0022163731920961105]
[-0.09468952689905785, -0.11552594452160103, -0.033289005414529727]
[-0.01342038071306928, 0.3785222052493651, 0.0017944101743043728]
[-0.8758471182577305, -0.07739565266005433, -0.029350302823539898]
[-0.59488257680323, 0.02118340961241394, 0.011111788441300785]
[-0.4019451892941739, -0.12395762985202041, -0.0166569883265707]
[-0.008988226440577618, -0.07501332690836948, 0.02052691824578945]
[0.9485673172695055, 0.12702933491207014, 0.006555234252310527]
[0.008452176791532429, 0.0820112295185571, -0.047051413971628264]
[0.03446637582282985, 0.0880943829474965, -0.04662882052276873]
[-0.8644736122504736, -0.08183171390359978, -0.00859869593612339]
[-0.6532995643335718, -0.07608040693890517, 0.005205565736786433]
[0.456986158911038, -0.17353763982373815, -0.022045851324909327]
[0.09046427563377835, 0.445341769513103, 0.02364543907587513]
[-0.7738392836897312, -0.06989475174743653, 0.0022163731920963325]
[0.015265774069602278, -0.02965383001329447, -0.04650305469854499]
[-0.5906443985451963, 0.042708867625053104, 0.010153751289925239]
[0.042647510058705596, -0.07385141162011744, -0.04237431520109769]
[0.04174502385258827, 0.4108282486470043, 0.006475022595721969]
[0.036105497952609644, 0.4165007428286083, 0.01242978624778579]
[1.0, 0.6841347522058903, 0.026600475817121216]
[0.9410531372455195, 0.12017463004588214, 0.006118045596369637]
[0.9112047631567197, 0.6462593767555207, 0.01914594917187107]
[-0.8047301334820902, -0.07145390064860069, -0.00017368934869710362]
[-0.09908438727987079, -0.06817399107529076, 0.019670346882582734]
[0.6438764140109887, -0.17421292981174152, 0.01669954901517401]
[0.729284233817775, -0.04194436295951853, -0.006135040269248826]
[-0.013420380713062618, 0.37852220524936797, 0.0017944101743045948]
[0.41096614914791685, 0.37961221793567446, -0.018201520784566494]
[0.03610549795259943, 0.4165007428286027, 0.012429786247784902]
[0.9069308955440123, 0.6841347522058903, 0.03239844719111562]
[-0.18847151303883947, -0.06880250338594185, 0.01764533859880335]
[-0.8758471182577305, -0.07839368924079448, -0.014804393550563066]
[0.041745023852587826, 0.41082824864700407, 0.006475022595721969]
[-0.13534134494523475, -0.10794712678919871, 0.01206672103146822]
[0.01898587526527784, -0.08650037700151703, -0.040635366854877786]
[0.02508672976659243, -0.11363596510269647, -0.035247021900549624]
[-0.7972441098462236, -0.04712758044147747, -0.04118347006587886]
[0.1008475019901538, 0.14629664475887338, -0.04276664590939716]
[-0.02636481699416049, -0.002724384001624891, -0.04797408348593857]
[0.005647607380674158, 0.03999574417774654, -0.04830554886849414]
[0.0017909507463438334, -0.03635228522186518, -0.04615096910580907]
[0.4569861589110389, -0.1735376398237385, -0.022045851324909216]
[-0.6340607242811166, -0.029009627457508347, -0.04553373906020497]
[0.561232550878652, -0.15775224948341038, -0.012097661845992036]
[-0.1984939015557794, 0.06447529539467922, -0.0477869711559461]
[-0.4388411791076804, -0.0761276213523503, 0.011010978016343431]
[-0.3152838975905441, 0.03404903522689229, -0.048813473020202]
[-0.5418799164212933, -0.01448918348908379, -0.04718275092110513]
[1.0, 0.6841347522058903, 0.026600475817121216]
[-0.8750724296236686, -0.07696061020249634, -0.029540507394988924]
[-0.5418799164212643, -0.014489183489083901, -0.04718275092110524]
[0.7301244150857182, -0.04092641045637668, -0.00615417096565507]
[-0.013420380713068836, 0.3785222052493653, 0.0017944101743043728]
[-0.6532995643335727, -0.07608040693890517, 0.005205565736786211]
[-0.026364816994137508, -0.00272438400163566, -0.047974083485938124]
[-0.15219284501457242, -0.13128126521595762, -0.02568583872432495]
[0.9675644109440062, 0.13739138600725265, 0.007936841065001587]
[-0.3401687333109722, -0.07125679638002047, -0.04101391865821569]
[-0.21834999773071373, -0.0465430864990215, -0.04511120589579143]
[1.0, 0.03302992592874521, 0.03239844719111562]
[0.7301244150857162, -0.04092641045637713, -0.006154170965655292]
[0.38353092032662683, -0.15667024049051514, -0.02631961066072963]
[0.01, 0.0, 0.0]
[-0.01, 0.0, 0.0]
[0.0, 0.01, 0.0]
[0.0, -0.01, 0.0]
[0.0, 0.0, 0.01]
[0.0, 0.0, -0.01]
