[0.8898604760714988, -0.09914191996486488, 0.01099760396363636]
[-0.35252354344479886, 0.0, -0.030780459540754035]
[0.47006538485222804, 0.42954670287192087, 0.028691467081956912]
[0.505192837900936, -0.13765285272074534, -0.0016635311766424188]
[0.0, 0.12093036341281937, 0.01930939103596696]
[-0.34678565412398, 0.010493023003514068, -0.03299135192195868]
[-0.22967226525688367, -0.06032688530024155, 0.005459340611034147]
[0.8016071166402674, -0.1591945273886196, 0.008939357034980056]
[0.7513065495282234, -0.158813994084398, 0.005496151600791199]
[0.8833517320367279, -0.09513370133432442, 0.021514566628947795]
[0.7798799347630072, -0.16117015092696385, 0.005804176267526273]
[0.49055637603798674, -0.13384417666002124, 0.006210886277934424]
[-0.5832041559742634, -0.04390888961807149, -0.014738587056714714]
[-0.4331897888046612, -0.05077266330340224, 0.0012973237895950174]
[-0.5526641311748441, -0.02744418232934409, -0.013281041126742665]
[-0.4867220553072189, -0.00954231211319867, -0.030398767056226128]
[0.8190318507724319, 0.1787271781366997, 0.0022409710908681824]
[0.5895147167718646, 0.40840781936723713, 0.002077463860898243]
[0.054904669304430165, 0.2999369798362097, 0.01575975205220881]
[0.80676276271392, -0.15547669957655286, 0.010679386014835313]
[-0.09055700202306871, -0.062345527928877376, 0.008535812052265612]
[-0.3708886347535214, -0.0655031602512336, -0.01063019113195418]
[-0.5723638924298994, -0.038427449095613464, -0.01832553069560161]
[-0.5358365827332006, -0.04985146712763078, -0.004344244582232704]
[0.1079249548359904, 0.30107812752658303, 0.025380983194278173]
[0.0, 0.2670856473747525, -0.0019056694327427293]
[0.5868593653107501, -0.11784953677543097, -0.014008138828298988]
[-0.07537922571982913, -0.09164309035534457, -0.0071700677745630825]
[-0.3107894731895686, -0.067278495721946, -0.0003036305024829433]
[-0.18330574302078373, 0.1662189292088727, -0.012035669821130468]
[0.0, 0.2584010786925486, -0.003479846090585381]
[0.0, 0.2584010786925486, -0.003479846090585381]
[0.0, 0.2671300506433387, -0.0018976208362611047]
[0.43721486140828714, -0.0685263213994256, -0.020819108507119988]
[0.5430135386647856, -0.10092351282836431, 0.016088753008272727]
[-0.524191148864658, -0.017953555308182656, -0.027339018317234398]
[0.0, 0.0, 0.012465089042524857]
[-0.5645943362995345, -0.05011964379626588, -0.00965335198286199]
[0.029092385916047903, 0.19010156973389947, 0.023298564169039082]
[-0.42207926164245413, 0.030497935528092324, 0.00046444090021657836]
[0.03719069448394108, 0.2905577548367253, 0.01487022941281757]
[0.0, 0.26938532962854, 0.0003981128611421081]
[0.05584183958853206, -0.007107916573323658, -0.030031544016736578]
[0.0, 0.26713005064333895, -0.0018976208362609936]
[0.559557904848049, 0.4330156755765484, 0.007426419575402576]
[0.7798799347630101, -0.16117015092696407, 0.005804176267526051]
[0.0, -0.08889605168731474, 0.005243155994149262]
[0.0549046693044295, 0.29993697983620926, 0.01575975205220881]
[0.49320750915754497, -0.09987200603589919, -0.018368375891107513]
[0.9376065759467727, -0.053069641287204816, 0.009323782766022637]
[0.006735200951404563, -0.09128462150103189, -0.013585626326748312]
[0.4432907746181487, -0.07192772617327681, -0.02055317290174996]
[0.3823474204387636, 0.0, -0.02034354468556565]
[0.9909811626465159, 0.0, 0.009018837353484077]
[0.09736930238677077, 0.15128846124283313, -0.02490340078832942]
[0.8026380655486045, 0.0, -0.0030291239183813934]
[0.9067251304558974, 0.09100022520976836, 0.0022746443343344414]
[-0.0912115011944592, -0.06233603076877381, 0.008521338097630338]
[-0.09121150119445931, -0.06233603076877381, 0.008521338097630338]
[-0.3511833408675029, -0.04585785015620103, 0.005438199241819319]
[-0.23356091460945816, -0.045332431320176836, -0.025114377257290488]
[0.0, 0.13698348429879137, -0.0254881633646169]
[-0.5537122567077845, -0.028874138784750203, -0.023116772528941953]
[-0.4838018147638552, -0.04804722413145457, 0.0002802155920704763]
[0.40210204546776396, 0.3819287777047642, 0.0017751354841419875]
[0.23715675194403207, 0.0, -0.025688565942071806]
[-0.04243170182141853, 0.044084400627249165, -0.032486260983952575]
[0.0, 0.10122198360759072, -0.02942729717719661]
[0.9541179260006971, 0.017499029923994103, 0.028383044075309005]
[0.34190784246221884, 0.36506713601564433, 0.0006469038900935864]
[0.6163669880426661, -0.13339433860732075, -0.010279866427984063]
[0.902478095301761, 0.09524889117813884, 0.00227301352010012]
[0.8016071166402678, -0.1591945273886195, 0.008939357034980056]
[0.9266155857981344, 0.0, 0.004901489868710307]
[0.9241102634068528, 0.07273679940409483, 0.003152937189052185]
[0.44457654741396646, -0.07233654128184774, -0.020494896328545176]
[0.5263790114733036, 0.0, -0.015041193483043669]
[0.01673782971254556, -0.07735796524173799, 0.009373847558899584]
[0.9272888266927051, -0.06359271849595471, 0.009118454811340104]
[-0.5765241828866553, -0.04865899284753272, -0.012261929155191642]
[0.7305902322236704, -0.15572829202169247, -0.0018898494675083644]
[0.11077708963296407, 0.15472947598948972, -0.02470647939287196]
